0.044874491054163745 0.023207813461488182 0.02627429368224902 0.04732314834486527 
0.06216165206607601 0.07195255033778587 0.09594766281324053 0.05643751385032294 
0.07517666330691444 0.08344118331206274 0.09916607544861752 0.09813180247859901 
0.02520682757820667 0.07423000637761176 0.02166275282547042 0.0872599080724095 
0.04985141252945648 0.013394454330592498 0.016425414775700798 0.04744153598405824 
0.018367177004399805 0.05330790518173304 0.05473851544327809 0.04619382470124474 
0.08809870661340266 0.029141546695921495 0.09680466585711506 0.00011216118726106172 
0.021469836968120548 0.09541489701430828 0.09208477173769888 0.004256271409771739 
0.09217241752126473 0.038152528968370035 0.04790874836484017 0.07952339362155006 
0.03014013546193254 0.06021984906713788 0.031176021490540006 0.05819790127689582 
0.07925343310817021 2.1058331319956382e-05 0.058086291932114585 0.05645801220252931 
0.02053735019199714 0.07446923428780677 0.0505226278589912 0.0497784128202302 
0.07506198297929098 0.008833772862311318 0.04753583551565384 0.03669621828028756 
0.08969613396553153 0.023437308062380403 0.08750907982342422 0.02040376741489852 
0.004710835370805466 0.006728224469831323 0.021285396970707915 0.011511720614398735 
