0.06605963291535008 0.032769668497819274 0.06909126238266683 0.015400055816740043 
0.03903534360681802 0.053488477196655226 0.0707498997225374 0.06982438398810796 
0.06308753413218211 0.08855929644048656 0.05959746736015048 0.07773544373281731 
0.08385667813713944 0.0486038332590205 0.054957008347693494 0.06835266333988473 
0.05972652522102404 0.047683929760895714 0.06058477019809644 0.01986975198580172 
0.055367727779292886 0.07700688580732666 0.0701217658813996 0.062070995163979 
0.010689334492167602 0.053463124043585296 0.04125889831756929 0.07389553119707706 
0.03347069871964055 0.04668969917159484 0.043593582211051474 0.046868333474042435 
0.04713962030343359 0.09442866829164769 0.007496886090475918 0.09754467208061113 
0.01329311371104307 0.0703366871013331 0.05257599297632565 0.08190046962183273 
0.09504052872745859 0.04091212628989656 0.036479933006791934 0.08982830914181246 
0.019220160681791654 0.0769696865948343 0.09107041321014989 0.08195724590093856 
0.07161467798645602 0.09891395368852474 0.08785767146549804 0.0958372064992498 
0.0336282495553212 0.06170331368889982 0.042891375785499154 0.09827689455723501 
0.08984226651470072 0.010379195543511743 0.08960434322414171 0.00572187258293394 
