0.09147039987351617 0.01766589110327651 0.01590727596546816 0.08440022150328741 
0.03431938767884903 0.08338995830234334 0.010288893943519683 0.0982990140800165 
0.061336829303431505 0.06464459805915727 0.005853519857969169 0.08600330360950054 
0.02902167776198472 0.09008651771290277 0.05619402209686786 0.063227987375828 
0.04407427759769507 0.04048512549385055 0.029503705333863327 0.02063258137158608 
0.07241400397159416 0.021370299628081013 0.008725023911970376 0.027584280006870632 
0.09718745510816627 0.04320274063254655 0.035295142305108884 0.08370964513391388 
0.07608171618944537 0.011784004236494117 0.06294900462827466 0.02490196601235465 
0.09638616261267018 0.01930833576832657 0.023607776876172416 0.03393491124168274 
0.0747267652793833 0.09834916215514314 0.0412414089910549 0.057294691964390035 
0.05670355904537402 0.07233791686838587 0.06825954653026248 0.03880002028739164 
0.0795513649219405 0.09566086870052179 0.096571528495249 0.012313969985981355 
0.06854961409486424 0.035955219854316864 0.05144914417248366 0.01499424607561145 
0.029954211249874206 0.062013797678736673 0.05224604919725793 0.04577274031396798 
0.032627199018757366 0.00018090374390332674 0.02488706147603087 0.02698986303676241 
