0.03350028700927168 0.07644640057343338 0.06347591502067298 0.05029557116712766 0.09621191578598748 0.0641421433689208 0.08745292936040278 0.006191302114628583 0.06583409051320929 
0.06873573885470047 0.07561807189959792 0.06827889735235101 0.08180370541970436 0.03329842220419588 0.05089369015026414 0.014656789688767746 0.05237343409354387 0.06136137976661175 
0.060936544404909254 0.06216440777783422 0.006077900939691317 0.0647123841296365 0.0367759591309897 0.0366845648865074 0.040094005929726104 0.026661819490368423 0.012293507321142583 
0.08500187063536771 0.07494293682400813 0.008406678800688627 0.04224794061693935 0.002987346243841693 0.022388434853259354 0.049400070475139155 0.04326058152000867 0.056857173607035405 
0.08255034527346493 0.08147617887876556 0.07609847180705388 0.01337818262671846 0.08146680707441735 0.0008034216054417787 0.004441752029101009 0.06896770741234536 0.09568623912999437 
0.08588120081661137 0.023825512329971564 0.036490043493649274 0.0786328553597805 0.03304586762909808 0.04859695479022684 0.06408404007697713 0.03923612453396401 0.06574430772179188 
0.06666661956787333 0.02680502685604801 0.030824658607423294 0.0693836386307605 0.012794153726590396 0.02319038461156766 0.05676126554441756 0.019139317771464437 0.016530539564822134 
0.06310051813157835 0.09227577138402064 0.04402382543640353 0.09075702968443237 0.06628823523796465 0.005059906456762753 0.05625804273121303 0.0986234055849728 0.07398728191519233 
0.03567580572095087 0.08020702922064651 0.042834288177731814 0.083787394037767 0.021544829539442457 0.00021038587748164472 0.04850566404616182 0.03466906955745589 0.09781733203624914 
0.05928643003781987 0.07886562571867786 0.05927494653412089 0.08095139656370474 0.0389268419384957 0.04009934645098294 0.024044975279861734 0.07674433459992305 0.05515310357497753 
0.08201073710319982 0.0733135291490362 0.06901651950548802 0.06130381655576065 0.06739572661536058 0.08736520534348216 0.018233234064776706 0.046150158475039525 0.09655384209107862 
0.058271880541609866 0.004652751035386882 0.06498952457389397 0.038060438507029636 0.017731361193781416 0.0029617574663049926 0.0799735784755389 0.01143303484362589 0.05017036056614703 
0.0845052998212018 0.04908138255615441 0.0406329449091391 0.008222767674202625 0.04704288429176171 0.07188473860179137 0.045568547979135954 0.017583918260425834 0.08502252140171376 
0.03834510123820715 0.09342643802254208 0.08092530701296566 0.04849901106172276 0.0014184171147857416 0.013135567495619404 0.07173737667370061 0.022558146979573136 0.09451410268090824 
0.015500165057965754 0.036509829451619916 0.0938472726621257 0.04155607723394281 0.058198365099844405 0.04387472944966081 0.05158025495501388 0.08713242511550771 0.06492157105691013 
