0.043439083482230315 0.0879080795922529 0.03329909008110653 0.06204054960662273 0.0061209888176028794 0.021365563511574637 0.03305614306078823 0.08640685263652882 0.04994377192532157 
0.013974005041573579 0.07983578735487828 0.03261160473673114 0.005883064652857139 0.018470763089768406 0.07894336524902287 0.09388056808615919 0.06593960936032099 0.015008494674845385 
0.007134212149185382 0.03982800070124563 0.08721822949889368 0.027240364357119275 0.004957878901048063 0.013114689014221725 0.07789219971928155 0.01677177953790584 0.0408500494540054 
0.0508066418860702 0.015339385175193631 0.08948439494809778 0.07538114367540848 0.03141168283422826 0.0670349049571074 0.0833560161144531 0.03396121890704333 0.018491607279860656 
0.09077919942533305 0.07531011727287144 0.031983698157512244 0.07714981774994725 0.016291021081959522 0.030773994957946506 0.05421320852333657 0.04474138764672899 0.012732037598660918 
0.06363650874858258 0.0741499724940641 0.07379973061246235 0.032169361839909226 0.07379525712595342 0.021224469074727803 0.07829955020920508 0.08909467726358361 0.05788450051406981 
0.05725783995838587 0.08300713739073623 0.038169197851424155 0.06792569763751509 0.01769830306812331 0.001977471749849269 0.012976750411231874 0.09922027947720177 0.029808928119543755 
0.09526962082233278 0.004525732188080667 0.05944963942309665 0.03444840646233886 0.04572558122641437 0.002500570210939146 0.047649530456163866 0.02015633575973219 0.08291056249474829 
0.09762087493815241 0.09225166332205337 0.051849396347013896 0.05253296083071094 0.06705326000412357 0.04880373134955266 0.0884469025593057 0.02333522761312883 0.010316312672754735 
0.06049579187277786 0.09916211694268394 0.06190015317779304 0.07848826686094135 0.014872430084590571 0.042129323534806605 0.04824170663875558 0.031782823156957206 0.08840718995148507 
0.054096656373541094 0.0788037715552553 0.020463622485780007 0.09202984268980971 0.02244815176623064 0.017094352949451518 0.0073827148734774365 0.0040515753137225444 0.05402846021165223 
0.043138776975485627 0.037375080445610845 0.09520395951464784 0.01877410335981966 0.03478528031280009 0.0402159441153511 0.08804498879453179 0.0652608054225067 0.06650336925811293 
0.042181643694539694 0.02448004117412589 0.06796659950400466 0.09395135852558482 0.01384617980864048 0.03418869498561813 0.040816911501432816 0.09055156141034384 0.08750700792100626 
0.009971408497064193 0.0696800029618353 0.08244051274855282 0.03815823447901738 0.0965190846878391 0.02118010051575907 0.060093534260845106 0.07638907226242146 0.09176787324479105 
0.05277670424866676 0.09552325790563268 0.08844513955261342 0.07935157482370006 0.06793024444329118 0.02589747546077743 0.02960737177895928 0.04558228324221601 0.09299479881038228 
