0.06106694753196899 0.08311296598540677 0.025405274659358358 0.05106152076484858 0.046573614465745615 0.0955890771314462 0.07254527911850614 0.02973533316989494 0.047957433053857246 
0.08022986242374178 0.019650652149211335 0.01261771487994765 0.013092772897830507 0.009643255481410585 0.062083680104969965 0.057291085008368735 0.04678611749478341 0.043365207086747015 
0.02397085539904631 0.0868104057721795 0.0068720730809336715 0.07188647240292383 0.022392889002132432 0.05871960986865767 0.06162495423192027 0.0883965374097904 0.05405200315954889 
0.06506080803275846 0.027140542336745056 0.02336662342357947 0.005901904513920986 0.09753130486797137 0.0480785376765552 0.025722552189610025 0.08039152433293054 0.06884987443392325 
0.029892653807560045 0.07431494226822408 0.05582717205034734 0.05770441499995573 0.025369846746387936 0.04947108625469397 0.06534292780497933 0.06681844237005256 0.035753208264076 
0.051344895231882515 0.06304198048184155 0.09326450299808345 0.004118340337825865 0.08008578384615825 0.08350725306192022 0.08900047584036476 0.02243289159951615 0.0018903865890946947 
0.018673841777558264 0.08840266740234859 0.0386766897278507 0.07530712041718816 0.09766164153022432 0.09789772876296551 0.04325117220616111 0.0925597725554064 0.03597982162246224 
0.01983738536574444 0.08772352658349278 0.022958096483560897 0.058225244792366015 0.0852916893232982 0.06657151564191684 0.06567402745051562 0.07229345089532815 0.030499471046742423 
0.05135849784717056 0.0677421752130747 0.09624089753630886 0.07698766694622791 0.08727632701100066 0.07020828753910198 0.047216504878926 0.08758559299318777 0.005472726807264028 
0.008647497480848709 0.07606214056363639 0.04370857844669649 0.04537998141967925 0.0823397281542623 0.00811506118912445 0.08608134393684497 0.06844451474978938 0.04352691382809228 
0.0057725269051177915 0.08472691916511269 0.03556180874861631 0.08293460654823817 0.06243540010834766 0.047289653368457266 0.014006084575273848 0.074274519028559 0.07645850002344011 
0.047738211081396774 0.03865529816662171 0.07649159705766587 0.0771162337209143 0.06862880460585583 0.016175142220415127 0.08436280218496413 0.03514166647746484 0.07715607720713934 
0.09902538938956393 0.06318473599855141 0.035658063804815156 0.09500053227943187 0.0693995269092255 0.025116107672800047 0.0881813709309687 0.025154872863032786 0.06516917341817922 
0.04537690218283049 0.058500755646617705 0.03950975241453715 0.09239317714723196 0.04445946961321636 0.04815696807486867 0.07009592722898661 0.042437845743807365 0.024811453902649393 
0.020967930294444003 0.07162135443787675 0.011019042943639246 0.04041859846306782 0.07999229736838995 0.03002053986369365 0.07989032444868964 0.06906955715467596 0.02900162324504626 
