0.06255321153234443 0.05204043345805909 0.009565154757024597 0.04344454639733739 0.057317892769756164 0.030510562229020245 0.09402495916455285 0.0325063900662398 0.06544682194787084 
0.08750731499314285 0.0036439392219056455 0.0602214809266007 0.04007592803574515 0.021019921114633643 0.020861299092870822 0.09328845100654068 0.057306004197528626 0.04543774693633971 
0.04483499008284203 0.04052151397351709 0.08929062125940151 0.0007849707408743467 0.05710173302085884 0.046497701755891394 0.024371322960758425 0.09543017504973919 0.00239953061267979 
0.09929476402486241 0.07470016921627458 0.004479170426681378 0.04493250530192091 0.03985449679106434 0.00701064591119388 0.06942253295075236 0.024876483578278707 0.09919175691219967 
0.08819093388954685 0.03753927992397439 0.08401047783037571 0.021509826148763254 0.048693211451780606 0.06421191639171597 0.09077792940300265 0.07471492512732031 0.07165357445246309 
0.07387239526984081 0.04506106690667176 0.09847312295761003 0.05366343567714151 0.09062400306209902 0.030396199496779575 0.025016687234371837 0.08574129336928457 0.056223012142394224 
0.08047240893703611 0.03443483599106885 0.023807894704801748 0.097320355572329 0.04938968219907948 0.03792227301014965 0.01627250803028296 0.09010988908826781 0.002081615418858973 
0.035370077150449805 0.04301792620065813 0.09795858846886255 0.07054860265908132 0.05178486051861499 0.02335123208406755 0.043496517649660116 0.09457514767242009 0.05126117149544823 
0.06825496713777238 0.032315696142840286 0.011111487686369104 0.0218015384329752 0.04474378239874903 0.05743346877171226 0.033937826934680504 0.05161705811636937 0.03562220785686397 
0.01479561657269729 0.05715713095841608 0.036204346941659415 0.05236413764387813 0.05717970943688635 0.05618896551282356 0.0030537573556792875 0.09668013650042159 0.038648427703704843 
0.05157923856156097 0.0910369372792358 0.0661484946995359 0.053639067480301936 0.03640179751539121 0.0532431686488446 0.004518343336986641 0.04333662426510847 0.06847020314210761 
0.07534486359889606 0.009858573124173186 0.09527907928789806 0.09576464623497855 0.041458610126312426 0.000552646544493074 0.029699938164211903 0.08281947048007814 0.06363701590806661 
0.06985004019254401 0.09200318580264813 0.06228703673563257 0.03945696839021764 0.00270970901217219 0.07068639247303385 0.028624887699545375 0.06317240348272395 0.03361120922670095 
0.07752092970428681 0.0547422486685372 0.08928060137908406 0.010539702447534582 0.02990600945297024 0.09442022875841782 0.09794057487204492 0.008752491919613758 0.047273261994193086 
0.04937797454205911 0.005628301572383832 0.07605026084194545 0.028554515322895834 0.05397939861303267 0.06393267923741931 0.05379008588588134 0.09083457153168001 0.061084683966902684 
