0.0764189697231056 0.02173632647313579 0.04178669402086951 0.05578323959116514 
0.03504149438747528 0.09959018769284782 0.04342813761962141 0.004882556623407608 
0.09154303688458147 0.07463572857885656 0.06598600388072269 0.09921568499762631 
0.05622325554558392 0.09461712147428833 0.04304918612253017 0.0891091204262733 
0.07662897341070032 0.06631188004659146 0.02669043486426015 0.03662862815682285 
0.011851879832176938 0.031120688026570132 0.003602409050626343 0.07155528721603356 
0.024835310494608596 0.0953458084640538 0.009090468196779122 0.09649459791378877 
0.09830214311946114 0.019594189080483725 0.011868481310568602 0.05046899525600072 
0.0053195667244917534 0.09177625164526661 0.06730580717527587 0.07578960295668936 
0.042730181429556105 0.06996133132049302 0.011940431905901383 0.08667298772400477 
0.0775720095143619 0.056117442382832096 0.04371979094240734 0.05172224917510486 
0.06516704567949516 0.0904813912451051 0.02786167334833428 0.04751790154344082 
0.04251630856883724 0.08347581601969346 0.049341523213567585 0.0658776674136385 
0.05506929785489854 0.09057495948788943 0.0929436380180046 0.05290120174029463 
0.054561907231256056 0.047516866198846354 0.05170792133074581 0.007940416509186343 
