0.07046505131567272 0.04427782018382238 0.08132398119077591 0.07949714498491162 
0.06609120589799448 0.04492580503415659 0.06986656321254296 0.03254838697654657 
0.03543164107852418 1.6138893278372367e-05 0.033814108551184774 0.009441291054417388 
0.01759292350015168 0.07823128169375845 0.08154526374516839 0.06574174740041375 
0.06383650075597627 0.07043392255510098 0.006235523737226467 0.07926833406331531 
0.02474524764231941 0.04222935762994775 0.06657958329569892 0.026460843709629433 
0.04915367647385542 0.048957892059494676 0.07064591794814197 0.0009655954126424837 
0.036185679655422055 0.03877497814329334 0.03700807105856897 0.03920052206510175 
0.07359530420666875 0.03403974470604718 0.0516281722587575 0.03856959451455655 
0.08215055409796004 0.01620321093796937 0.07720810767217831 0.09015154883041213 
0.07028767694432626 0.05882171959141184 0.0673387711941174 0.04782295451260582 
0.06885804898264346 0.010880319250536608 0.06430469266723744 0.009552144763206327 
0.07058399905468107 0.012039506256906207 0.04962345791846946 0.05721973461729392 
0.06440021540674898 0.05741626722715024 0.03486998930488246 0.0545410064001726 
0.0062458241891867 0.020667713846961654 0.017085896398716337 0.049709369275346416 
