0.09505667689510952 0.09260737472971918 0.0686510209143584 0.09775328521106358 
0.07101335039019464 0.0346377542693682 0.02434291213661004 0.098231784087858 
0.08390137602944808 0.013004666038445212 0.07889869316134171 0.03176280966903622 
0.09622778643763696 0.02581360057462432 0.0920431057915099 0.02176261468330737 
0.03674982336560899 0.09256240424985358 0.0661590057639496 0.07172232812885773 
0.05351863563015798 0.08130998928508704 0.04436225726019548 0.07277979454864335 
0.05591294503421166 0.09124267375927061 0.05988880834256567 0.08966782336731312 
0.004668138756203544 0.0901862805089307 0.08143141163367192 0.021067619565243445 
0.055080705135361764 0.02614281925155939 0.07987946611791276 0.03413521231456272 
0.024062097846619234 0.04202395203407937 0.042820731211450316 0.08316123838397078 
0.06466360958975939 0.09858655016113889 0.071795175740238 0.09884430291065857 
0.024681930318546687 0.048585788502027605 0.04394776482868654 0.08929705354043323 
0.09406633901457058 0.004141690664394515 0.0774050342178238 0.040081628333788075 
0.05916643118989642 0.06627779948380878 0.023378025196291164 0.08380937504609758 
0.04847140228980058 0.008054592883711931 0.05062796506649042 0.0009780296375429653 
