0.0903350443725566 0.09414208913195152 0.048812577653171776 0.016751219225721613 0.08694758478303793 0.008430431034163554 0.04684369668671583 0.005963335640025791 0.08224811376960167 
0.0726953553831152 0.08352471253267946 0.04880963090648901 0.0014274850237101845 0.04968606262539473 0.04988562714010699 0.09164787533033311 0.031593898805695964 0.027845408838080243 
0.0391020773280892 0.06605984731056629 0.07034040865005813 0.03645946612353477 0.08210795556607492 0.09247257898995327 0.05386872672323488 0.0994765242413119 0.02901213074301604 
0.016139108104667566 0.059783384478926616 0.05451785094189855 0.0675084045434806 0.004538970807532827 0.06570958154077192 0.05971333010163572 0.023831028398903942 0.02952111363778004 
0.05404429258938455 0.023878978729494803 0.0031850516863457965 0.05013831182659537 0.05936207581082102 0.07326879644878517 0.009998438973744783 0.076054017208428 0.008657611616018013 
0.05291531192988952 0.059724420746261844 0.0879844076433591 0.08406729676970891 0.05775585890408037 0.06337485635731095 0.08411173809717155 0.0170853691852627 0.05406498874684662 
0.06120272477956791 0.013603485466423426 0.04031242922934416 0.012481528231506634 0.019572199483319296 0.07314096928356062 0.060409354546950546 0.013469882831969204 0.07348435028797799 
0.055689813809897945 0.005254225894977737 0.05409215198488343 0.09299105792293735 0.030656189113803523 0.08109520271978289 0.022463719284179107 0.04694203212358243 0.07172627001788567 
0.06063501357041538 0.013282416160496613 0.04458214448371609 0.011851902530919601 0.027343524918351715 0.0825609772679518 0.01948338983676442 0.0855403566389741 0.04525556064946601 
0.004730907496849646 0.055417136851186245 0.006949934146596537 0.050154345147476596 0.09065852202785378 0.07905079935632733 0.008615157780484006 0.03486320560547958 0.09273697890609992 
0.02263937727828772 0.019341202912412002 0.07715339774286442 0.006061614957538408 0.09497213492726678 0.07225920552408897 0.07211358607062782 0.006285333679698468 0.089029116571726 
0.04762711371825532 0.09676919965894384 0.056596378034769045 0.009610351653235927 0.019340344192106985 0.039003223301122006 0.0806524812402551 0.04985415601568437 0.08176402090002398 
0.029879962732964338 0.004772628664705158 0.08473991237359138 0.09584942173786007 0.06050842849070963 0.08384407148311904 0.09470124108420132 0.08798393103225312 0.035292036110715276 
0.08776402758289041 0.09613108226743067 0.007789894242683393 0.003585248522549711 0.01590365851809099 0.06156247928176693 0.0641742326438486 0.05091024522665174 0.07710898546272296 
0.05906479679185141 0.08794540205659322 0.012890346813259946 0.07365510117492494 0.0457356879576936 0.06630981046726829 0.04131098716149534 0.024315918040427632 0.06734039741724998 
