0.06106694753196899 0.0955890771314462 0.07254527911850614 0.02973533316989494 
0.08022986242374178 0.009643255481410585 0.062083680104969965 0.057291085008368735
0.07188647240292383 0.022392889002132432 0.05871960986865767 0.06162495423192027
0.0480785376765552 0.025722552189610025 0.08039152433293054 0.06884987443392325 
0.025369846746387936 0.04947108625469397 0.06534292780497933 0.06681844237005256  
0.051344895231882515 0.004118340337825865 0.08008578384615825 0.08900047584036476
0.018673841777558264 0.08840266740234859 0.0386766897278507 0.07530712041718816
0.0852916893232982 0.06657151564191684 0.06567402745051562 0.07229345089532815
0.05135849784717056 0.0677421752130747 0.08727632701100066 0.07020828753910198
0.008647497480848709 0.0823397281542623 0.00811506118912445 0.04352691382809228 
0.0057725269051177915 0.03556180874861631 0.047289653368457266 0.014006084575273848 
0.047738211081396774 0.03865529816662171 0.07649159705766587 0.07715607720713934 
0.06318473599855141 0.09500053227943187 0.0693995269092255 0.0881813709309687
0.04537690218283049 0.03950975241453715 0.09239317714723196 0.07009592722898661
0.020967930294444003 0.04041859846306782 0.07999229736838995 0.03002053986369365
