0.07840994612045814 0.046160319991203534 0.039333136703661106 0.07119237624832811 0.08779473700853654 0.06576111333384091 0.023909742293679204 0.04977051620181676 0.0592694635656531 
0.014560884067007718 0.04569039480907185 0.08442310293349924 0.04827534135724321 0.04354305963741628 0.06853808038098357 0.03868917566815494 0.0262439020655443 0.05565373271827463 
0.05027794729992859 0.006968609298780304 0.09222882390403067 0.07818857573804142 0.03929515291104424 0.049105155627660366 0.0766635006784272 0.04677368037389248 0.006886327704603035 
0.006391542091849611 0.05291436837889539 0.08261868965442301 0.02358351870421772 0.015439420855803344 0.014164348597471265 0.03540367065969783 0.09880078963574654 0.05950497942322981 
0.051413269515313366 0.0022689629399558543 0.07788414090352591 0.04351815590139681 0.04845114414563314 0.0382166586632666 0.08522208062110347 0.07675571196765059 0.020841270752142836 
0.017763877722823295 0.07303360669968424 0.037954143974069696 0.03782900863274703 0.08383757876095219 0.06682491587180538 0.023849434975115557 0.06235527868187492 0.09785471163790194 
0.026850557799129572 0.032746740626326654 0.0780645671855014 0.05408784944588948 0.05031754051604124 0.036367389640373435 0.07813093498502578 0.005540782366015795 0.041045360951352125 
0.0883119688561954 0.08907844395957447 0.05496948469951509 0.0638815482593373 0.07687749274169449 0.07331994204692935 0.07820674231353135 0.0989153084857995 0.08966048752339942 
0.02927636945079496 0.06345166717694925 0.09132590179646399 0.018862384988912816 0.07857405825664371 0.09242083481021594 0.06828265622238124 0.07918663921076649 0.049912042592675177 
0.04705441260145591 0.07120190361220499 0.031814107812926186 0.02684302696971593 0.06510521269259725 0.07994321139397707 0.09494133112595507 0.04203847169573478 0.052509469048056125 
0.03066669127199695 0.013983689644195019 0.04959529088908774 0.04117473119436086 0.06051469321421109 0.04805300610284602 0.054958702427946836 0.04082724942101986 0.027736270859195965 
0.04251909085002866 0.04330158174732183 0.05513633070616075 0.04327353610015498 0.08363437090099018 0.016586724271293797 0.07471017120527909 0.029368986719073155 0.07415133998492665 
0.07090882792183398 0.04664111330488009 0.09770469763243003 0.021556728235720614 0.023992849009402406 0.0004640989781122262 0.09304292854403527 0.07235246027027555 0.015095708387239993 
0.033762533458402244 0.0758470269899892 0.04281377310278334 0.040001024855484825 0.06899989252429575 0.08916313600577581 0.0013312527578425936 0.0003717537828338835 0.08777674001244617 
0.09672292146794464 0.047499135787741606 0.04480137572200653 0.027532204972476125 0.03526114575336057 0.035878834864470174 0.07971028977613279 0.041753724731747564 0.041115686365823155 
